0, 0, 23, 88, 8
1, 92, 23, 8, 290
2, 280, 88, 23, 290
3, 290, 88, 23, 8
4, 8, 290, 88, 271
5, 277, 280, 24, 290
6, 290, 95, 24, 291
7, 290, 23, 280, 24
8, 24, 290, 23, 92
9, 290, 277, 280, 279
10, 111, 112, 42, 321
11, 270, 87, 279, 88
12, 292, 279, 290, 270
13, 280, 279, 88, 290
14, 290, 279, 88, 270
15, 270, 88, 290, 271
16, 291, 277, 279, 278
17, 291, 279, 292, 293
18, 279, 278, 293, 291
19, 295, 296, 291, 290
20, 111, 113, 112, 321
21, 321, 381, 319, 320
22, 9, 268, 94, 8
23, 294, 290, 94, 268
24, 94, 92, 8, 290
25, 290, 8, 94, 268
26, 268, 290, 8, 271
27, 291, 290, 95, 93
28, 295, 290, 93, 294
29, 93, 94, 294, 290
30, 281, 282, 283, 320
31, 295, 291, 93, 290
32, 92, 93, 290, 94
33, 290, 270, 271, 268
34, 290, 268, 294, 296
35, 292, 290, 296, 270
36, 270, 290, 296, 268
37, 268, 296, 270, 269
38, 297, 293, 295, 296
39, 296, 291, 292, 293
40, 291, 278, 293, 349
41, 111, 114, 113, 322
42, 293, 296, 291, 295
43, 295, 296, 290, 294
44, 244, 21, 113, 22
45, 112, 113, 22, 321
46, 384, 113, 321, 244
47, 244, 113, 321, 22
48, 22, 321, 244, 243
49, 384, 385, 322, 114
50, 111, 113, 321, 322
51, 291, 276, 278, 349
52, 320, 319, 318, 381
53, 114, 113, 322, 384
54, 384, 113, 322, 321
55, 321, 244, 243, 242
56, 319, 380, 321, 242
57, 380, 384, 321, 244
58, 244, 321, 380, 242
59, 242, 380, 244, 245
60, 321, 380, 319, 381
61, 322, 385, 384, 381
62, 321, 384, 380, 381
63, 381, 321, 384, 322
64, 321, 281, 283, 320
65, 320, 321, 381, 322
66, 1, 91, 41, 22
67, 91, 281, 41, 321
68, 41, 112, 22, 321
69, 321, 22, 41, 91
70, 91, 321, 22, 243
71, 321, 283, 42, 322
72, 111, 321, 42, 322
73, 321, 41, 112, 42
74, 291, 25, 276, 349
75, 42, 321, 41, 281
76, 349, 93, 348, 295
77, 90, 242, 284, 91
78, 242, 321, 319, 284
79, 284, 281, 91, 321
80, 321, 91, 284, 242
81, 242, 321, 91, 243
82, 321, 320, 319, 284
83, 284, 282, 281, 320
84, 322, 321, 283, 320
85, 295, 349, 291, 293
86, 284, 320, 281, 321
87, 276, 275, 278, 349
88, 276, 277, 25, 291
89, 291, 96, 25, 349
90, 291, 24, 277, 25
91, 25, 291, 24, 95
92, 110, 111, 43, 322
93, 93, 96, 95, 291
94, 2, 44, 25, 26
95, 96, 26, 25, 349
96, 44, 276, 25, 349
97, 349, 25, 44, 26
98, 26, 44, 349, 137
99, 349, 278, 293, 350
100, 276, 278, 277, 291
101, 278, 275, 350, 349
102, 295, 348, 347, 93
103, 95, 96, 25, 291
104, 323, 114, 325, 109
105, 45, 139, 275, 44
106, 349, 275, 350, 139
107, 275, 276, 44, 349
108, 349, 44, 275, 139
109, 139, 349, 44, 137
110, 348, 349, 97, 93
111, 97, 96, 93, 349
112, 110, 114, 111, 322
113, 109, 114, 325, 327
114, 3, 289, 62, 40
115, 295, 349, 93, 291
116, 140, 27, 97, 26
117, 97, 349, 348, 140
118, 96, 97, 26, 349
119, 349, 97, 26, 140
120, 140, 26, 349, 137
121, 298, 350, 348, 297
122, 350, 349, 348, 295
123, 350, 295, 348, 297
124, 297, 350, 295, 293
125, 93, 96, 291, 349
126, 295, 350, 349, 293
127, 349, 137, 139, 140
128, 140, 138, 139, 298
129, 348, 350, 298, 140
130, 140, 350, 298, 139
131, 139, 140, 350, 349
132, 349, 140, 350, 348
133, 385, 325, 323, 114
134, 110, 114, 322, 323
135, 273, 66, 353, 352
136, 166, 63, 288, 289
137, 289, 283, 324, 322
138, 385, 114, 323, 322
139, 39, 164, 109, 40
140, 109, 110, 40, 323
141, 323, 109, 325, 164
142, 164, 323, 109, 40
143, 40, 164, 323, 165
144, 322, 381, 320, 324
145, 323, 325, 385, 326
146, 322, 385, 381, 326
147, 326, 322, 385, 323
148, 322, 326, 381, 324
149, 324, 322, 326, 323
150, 323, 165, 164, 166
151, 323, 326, 324, 166
152, 323, 325, 326, 164
153, 164, 326, 323, 166
154, 166, 164, 326, 162
155, 322, 289, 43, 323
156, 110, 322, 43, 323
157, 322, 42, 111, 43
158, 279, 273, 353, 352
159, 43, 322, 42, 283
160, 166, 165, 62, 289
161, 3, 43, 289, 40
162, 181, 275, 46, 45
163, 110, 43, 40, 323
164, 323, 43, 40, 289
165, 289, 40, 323, 165
166, 288, 283, 282, 324
167, 320, 282, 283, 324
168, 351, 275, 350, 352
169, 289, 322, 324, 323
170, 324, 283, 320, 322
171, 62, 40, 289, 165
172, 166, 63, 289, 62
173, 166, 165, 289, 323
174, 324, 288, 289, 166
175, 350, 275, 351, 181
176, 278, 352, 275, 273
177, 323, 289, 166, 324
178, 287, 166, 64, 63
179, 351, 274, 275, 352
180, 350, 293, 352, 278
181, 324, 315, 316, 166
182, 352, 274, 275, 273
183, 46, 181, 274, 275
184, 275, 274, 351, 181
185, 181, 139, 350, 275
186, 166, 168, 162, 315
187, 180, 181, 139, 300
188, 45, 181, 275, 139
189, 182, 65, 274, 66
190, 274, 352, 351, 182
191, 273, 274, 66, 352
192, 352, 274, 66, 182
193, 182, 66, 352, 225
194, 274, 181, 46, 4
195, 181, 47, 4, 182
196, 181, 274, 351, 182
197, 182, 181, 274, 4
198, 4, 274, 182, 65
199, 299, 297, 352, 300
200, 298, 297, 300, 350
201, 351, 350, 300, 352
202, 352, 350, 300, 297
203, 297, 352, 350, 293
204, 300, 350, 351, 181
205, 180, 139, 138, 300
206, 298, 138, 139, 300
207, 324, 166, 316, 287
208, 181, 139, 300, 350
209, 350, 139, 300, 298
210, 352, 182, 225, 224
211, 300, 352, 299, 224
212, 300, 351, 352, 182
213, 182, 352, 300, 224
214, 224, 300, 182, 183
215, 182, 181, 47, 48
216, 183, 182, 48, 300
217, 181, 182, 351, 300
218, 300, 181, 182, 48
219, 48, 300, 181, 180
220, 316, 315, 324, 317
221, 381, 377, 317, 315
222, 324, 320, 317, 381
223, 381, 317, 324, 315
224, 315, 324, 381, 326
225, 166, 315, 316, 167
226, 167, 168, 166, 315
227, 326, 166, 162, 315
228, 296, 353, 354, 297
229, 223, 225, 353, 226
230, 324, 315, 166, 326
231, 200, 197, 317, 196
232, 315, 317, 316, 196
233, 317, 315, 377, 200
234, 200, 317, 315, 196
235, 196, 315, 200, 195
236, 61, 167, 196, 60
237, 167, 315, 316, 196
238, 196, 195, 60, 315
239, 315, 60, 196, 167
240, 167, 315, 60, 168
241, 324, 282, 288, 287
242, 317, 324, 316, 287
243, 317, 320, 324, 282
244, 282, 324, 317, 287
245, 287, 317, 282, 286
246, 167, 64, 287, 166
247, 166, 167, 316, 287
248, 324, 287, 288, 166
249, 317, 197, 200, 199
250, 273, 272, 279, 353
251, 63, 287, 166, 288
252, 83, 196, 287, 84
253, 196, 317, 316, 287
254, 287, 286, 84, 317
255, 317, 84, 287, 196
256, 196, 317, 84, 197
257, 196, 167, 61, 5
258, 167, 64, 5, 287
259, 167, 196, 316, 287
260, 287, 167, 196, 5
261, 5, 196, 287, 83
262, 279, 87, 270, 86
263, 279, 270, 292, 353
264, 279, 272, 86, 353
265, 353, 86, 279, 270
266, 270, 353, 86, 227
267, 293, 292, 353, 279
268, 273, 279, 278, 352
269, 114, 382, 385, 383
270, 355, 296, 354, 297
271, 278, 352, 279, 293
272, 293, 352, 279, 353
273, 6, 86, 67, 68
274, 226, 68, 67, 353
275, 86, 272, 67, 353
276, 353, 67, 86, 68
277, 68, 86, 353, 227
278, 272, 273, 66, 353
279, 225, 226, 66, 353
280, 67, 353, 272, 66
281, 385, 382, 379, 383
282, 353, 66, 67, 226
283, 197, 84, 318, 317
284, 296, 270, 269, 228
285, 354, 353, 296, 228
286, 353, 292, 296, 270
287, 270, 296, 353, 228
288, 228, 353, 270, 227
289, 297, 353, 354, 352
290, 296, 293, 292, 353
291, 297, 352, 293, 353
292, 297, 353, 293, 296
293, 419, 424, 134, 422
294, 223, 225, 352, 353
295, 228, 69, 223, 68
296, 353, 228, 354, 223
297, 226, 223, 68, 353
298, 353, 223, 68, 228
299, 228, 68, 353, 227
300, 352, 224, 225, 223
301, 352, 353, 354, 223
302, 317, 197, 199, 318
303, 422, 296, 423, 424
304, 224, 223, 352, 299
305, 66, 225, 353, 352
306, 380, 245, 242, 240
307, 380, 242, 319, 318
308, 376, 380, 318, 240
309, 240, 380, 318, 242
310, 242, 318, 240, 241
311, 317, 377, 381, 376
312, 381, 319, 318, 380
313, 317, 381, 320, 318
314, 281, 283, 42, 321
315, 381, 318, 317, 376
316, 376, 381, 318, 380
317, 81, 240, 199, 82
318, 199, 198, 82, 318
319, 240, 318, 376, 199
320, 199, 240, 318, 82
321, 82, 240, 318, 241
322, 318, 197, 199, 198
323, 317, 377, 376, 200
324, 285, 286, 282, 318
325, 200, 317, 199, 376
326, 376, 317, 199, 318
327, 284, 242, 90, 89
328, 285, 284, 89, 318
329, 242, 284, 319, 318
330, 318, 242, 284, 89
331, 89, 318, 242, 241
332, 318, 319, 320, 284
333, 285, 282, 284, 318
334, 317, 282, 286, 318
335, 84, 285, 85, 318
336, 284, 318, 282, 320
337, 320, 318, 282, 317
338, 7, 85, 89, 82
339, 285, 89, 85, 318
340, 198, 85, 82, 318
341, 318, 85, 82, 89
342, 89, 82, 318, 241
343, 286, 285, 84, 318
344, 198, 197, 84, 318
345, 318, 198, 85, 84
346, 94, 135, 93, 424
347, 286, 318, 84, 317
348, 94, 268, 9, 10
349, 136, 94, 10, 422
350, 268, 94, 294, 422
351, 422, 268, 94, 10
352, 10, 422, 268, 267
353, 294, 295, 424, 93
354, 136, 135, 94, 424
355, 422, 136, 94, 424
356, 420, 422, 423, 424
357, 93, 94, 424, 294
358, 294, 94, 424, 422
359, 296, 269, 268, 266
360, 423, 296, 422, 266
361, 296, 294, 422, 268
362, 268, 422, 296, 266
363, 266, 268, 422, 267
364, 424, 296, 423, 301
365, 296, 297, 301, 424
366, 414, 420, 416, 415
367, 422, 296, 424, 294
368, 424, 296, 297, 295
369, 295, 424, 296, 294
370, 11, 264, 133, 10
371, 418, 422, 133, 264
372, 133, 136, 10, 422
373, 422, 10, 133, 264
374, 264, 422, 10, 267
375, 424, 136, 135, 134
376, 419, 422, 134, 418
377, 134, 133, 418, 422
378, 411, 415, 130, 414
379, 424, 134, 422, 136
380, 136, 134, 422, 133
381, 422, 266, 267, 264
382, 422, 264, 418, 420
383, 423, 422, 420, 266
384, 266, 422, 420, 264
385, 264, 420, 266, 265
386, 421, 301, 419, 420
387, 420, 424, 423, 301
388, 411, 412, 415, 414
389, 133, 131, 134, 415
390, 301, 420, 424, 419
391, 419, 420, 422, 418
392, 133, 264, 11, 12
393, 132, 133, 12, 414
394, 264, 133, 418, 414
395, 414, 264, 133, 12
396, 12, 414, 264, 263
397, 418, 419, 415, 134
398, 132, 131, 133, 415
399, 414, 132, 133, 415
400, 412, 414, 416, 415
401, 134, 133, 415, 418
402, 418, 133, 415, 414
403, 420, 265, 264, 262
404, 416, 420, 414, 262
405, 420, 418, 414, 264
406, 264, 414, 420, 262
407, 262, 264, 414, 263
408, 415, 420, 416, 417
409, 420, 421, 417, 415
410, 406, 412, 408, 407
411, 414, 420, 415, 418
412, 415, 420, 421, 419
413, 419, 415, 420, 418
414, 13, 260, 129, 12
415, 410, 414, 129, 260
416, 129, 132, 12, 414
417, 414, 12, 129, 260
418, 260, 414, 12, 263
419, 415, 132, 131, 130
420, 411, 414, 130, 410
421, 130, 129, 410, 414
422, 403, 407, 126, 406
423, 415, 130, 414, 132
424, 132, 130, 414, 129
425, 414, 262, 263, 260
426, 414, 260, 410, 412
427, 416, 414, 412, 262
428, 262, 414, 412, 260
429, 260, 412, 262, 261
430, 413, 417, 411, 412
431, 412, 415, 416, 417
432, 403, 404, 407, 406
433, 129, 127, 130, 407
434, 417, 412, 415, 411
435, 411, 412, 414, 410
436, 129, 260, 13, 14
437, 128, 129, 14, 406
438, 260, 129, 410, 406
439, 406, 260, 129, 14
440, 14, 406, 260, 259
441, 410, 411, 407, 130
442, 128, 127, 129, 407
443, 406, 128, 129, 407
444, 404, 406, 408, 407
445, 130, 129, 407, 410
446, 410, 129, 407, 406
447, 412, 261, 260, 258
448, 408, 412, 406, 258
449, 412, 410, 406, 260
450, 260, 406, 412, 258
451, 258, 260, 406, 259
452, 407, 412, 408, 409
453, 412, 413, 409, 407
454, 398, 404, 400, 399
455, 406, 412, 407, 410
456, 407, 412, 413, 411
457, 411, 407, 412, 410
458, 15, 256, 125, 14
459, 402, 406, 125, 256
460, 125, 128, 14, 406
461, 406, 14, 125, 256
462, 256, 406, 14, 259
463, 407, 128, 127, 126
464, 403, 406, 126, 402
465, 126, 125, 402, 406
466, 395, 399, 122, 398
467, 407, 126, 406, 128
468, 128, 126, 406, 125
469, 406, 258, 259, 256
470, 406, 256, 402, 404
471, 408, 406, 404, 258
472, 258, 406, 404, 256
473, 256, 404, 258, 257
474, 405, 409, 403, 404
475, 404, 407, 408, 409
476, 395, 396, 399, 398
477, 125, 123, 126, 399
478, 409, 404, 407, 403
479, 403, 404, 406, 402
480, 125, 256, 15, 16
481, 124, 125, 16, 398
482, 256, 125, 402, 398
483, 398, 256, 125, 16
484, 16, 398, 256, 255
485, 402, 403, 399, 126
486, 124, 123, 125, 399
487, 398, 124, 125, 399
488, 396, 398, 400, 399
489, 126, 125, 399, 402
490, 402, 125, 399, 398
491, 404, 257, 256, 254
492, 400, 404, 398, 254
493, 404, 402, 398, 256
494, 256, 398, 404, 254
495, 254, 256, 398, 255
496, 399, 404, 400, 401
497, 404, 405, 401, 399
498, 388, 396, 390, 389
499, 398, 404, 399, 402
500, 399, 404, 405, 403
501, 403, 399, 404, 402
502, 17, 252, 121, 16
503, 394, 398, 121, 252
504, 121, 124, 16, 398
505, 398, 16, 121, 252
506, 252, 398, 16, 255
507, 399, 124, 123, 122
508, 395, 398, 122, 394
509, 122, 121, 394, 398
510, 387, 389, 118, 388
511, 399, 122, 398, 124
512, 124, 122, 398, 121
513, 398, 254, 255, 252
514, 398, 252, 394, 396
515, 400, 398, 396, 254
516, 254, 398, 396, 252
517, 252, 396, 254, 253
518, 397, 401, 395, 396
519, 396, 399, 400, 401
520, 387, 392, 389, 388
521, 121, 119, 122, 389
522, 401, 396, 399, 395
523, 395, 396, 398, 394
524, 121, 252, 17, 18
525, 120, 121, 18, 388
526, 252, 121, 394, 388
527, 388, 252, 121, 18
528, 18, 388, 252, 251
529, 394, 395, 389, 122
530, 120, 119, 121, 389
531, 388, 120, 121, 389
532, 392, 388, 390, 389
533, 122, 121, 389, 394
534, 394, 121, 389, 388
535, 396, 253, 252, 250
536, 390, 396, 388, 250
537, 396, 394, 388, 252
538, 252, 388, 396, 250
539, 250, 252, 388, 251
540, 389, 396, 390, 391
541, 396, 397, 391, 389
542, 93, 98, 97, 347
543, 388, 396, 389, 394
544, 389, 396, 397, 395
545, 395, 389, 396, 394
546, 19, 248, 117, 18
547, 386, 388, 117, 248
548, 117, 120, 18, 388
549, 388, 18, 117, 248
550, 248, 388, 18, 251
551, 389, 120, 119, 118
552, 387, 388, 118, 386
553, 118, 117, 386, 388
554, 385, 383, 379, 328
555, 389, 118, 388, 120
556, 120, 118, 388, 117
557, 388, 250, 251, 248
558, 388, 248, 386, 392
559, 390, 388, 392, 250
560, 250, 388, 392, 248
561, 248, 392, 250, 249
562, 393, 391, 387, 392
563, 392, 389, 390, 391
564, 385, 384, 379, 382
565, 117, 115, 118, 383
566, 391, 392, 389, 387
567, 387, 392, 388, 386
568, 117, 248, 19, 20
569, 116, 117, 20, 382
570, 248, 117, 386, 382
571, 382, 248, 117, 20
572, 20, 382, 248, 247
573, 386, 387, 383, 118
574, 116, 115, 117, 383
575, 382, 116, 117, 383
576, 347, 134, 345, 419
577, 118, 117, 383, 386
578, 386, 117, 383, 382
579, 392, 249, 248, 246
580, 378, 392, 382, 246
581, 392, 386, 382, 248
582, 248, 382, 392, 246
583, 246, 248, 382, 247
584, 382, 392, 378, 379
585, 392, 393, 379, 383
586, 392, 383, 379, 382
587, 382, 392, 383, 386
588, 383, 392, 393, 387
589, 387, 383, 392, 386
590, 113, 21, 244, 20
591, 113, 244, 384, 382
592, 113, 116, 20, 382
593, 382, 20, 113, 244
594, 244, 382, 20, 247
595, 114, 384, 385, 382
596, 115, 116, 114, 383
597, 384, 114, 113, 382
598, 382, 114, 113, 116
599, 116, 382, 114, 383
600, 380, 244, 245, 246
601, 378, 382, 380, 246
602, 244, 380, 384, 382
603, 382, 244, 380, 246
604, 246, 382, 244, 247
605, 343, 130, 341, 411
606, 380, 382, 378, 379
607, 381, 384, 380, 379
608, 379, 384, 380, 382
609, 384, 379, 381, 385
610, 93, 348, 347, 97
611, 135, 98, 93, 347
612, 424, 135, 93, 347
613, 419, 345, 343, 134
614, 110, 109, 114, 323
615, 295, 93, 347, 424
616, 97, 27, 140, 28
617, 97, 98, 28, 347
618, 97, 140, 348, 347
619, 347, 97, 140, 28
620, 28, 140, 347, 141
621, 424, 297, 301, 302
622, 297, 298, 302, 347
623, 297, 347, 302, 424
624, 424, 297, 347, 295
625, 347, 297, 298, 348
626, 348, 347, 297, 295
627, 298, 140, 138, 143
628, 347, 298, 302, 143
629, 347, 348, 298, 140
630, 140, 298, 347, 143
631, 143, 347, 140, 141
632, 345, 347, 99, 134
633, 99, 98, 134, 347
634, 424, 134, 135, 347
635, 100, 99, 134, 343
636, 339, 126, 337, 403
637, 419, 347, 134, 424
638, 144, 29, 99, 28
639, 99, 347, 345, 144
640, 98, 99, 28, 347
641, 347, 99, 28, 144
642, 144, 28, 347, 141
643, 346, 302, 345, 421
644, 302, 347, 345, 419
645, 302, 419, 345, 421
646, 421, 302, 419, 301
647, 419, 302, 347, 424
648, 424, 419, 302, 301
649, 347, 141, 143, 144
650, 144, 142, 143, 346
651, 345, 302, 346, 144
652, 144, 302, 346, 143
653, 143, 144, 302, 347
654, 347, 144, 302, 345
655, 134, 345, 343, 99
656, 100, 134, 131, 343
657, 415, 131, 134, 343
658, 411, 341, 339, 130
659, 130, 100, 131, 343
660, 419, 134, 343, 415
661, 99, 29, 144, 30
662, 99, 100, 30, 343
663, 99, 144, 345, 343
664, 343, 99, 144, 30
665, 30, 144, 343, 145
666, 415, 421, 417, 344
667, 421, 346, 344, 343
668, 421, 343, 344, 415
669, 415, 421, 343, 419
670, 343, 421, 346, 345
671, 345, 343, 421, 419
672, 346, 144, 142, 147
673, 343, 346, 344, 147
674, 343, 345, 346, 144
675, 144, 346, 343, 147
676, 147, 343, 144, 145
677, 341, 343, 101, 130
678, 101, 100, 130, 343
679, 415, 130, 131, 343
680, 102, 101, 130, 339
681, 335, 122, 333, 395
682, 411, 343, 130, 415
683, 148, 31, 101, 30
684, 101, 343, 341, 148
685, 100, 101, 30, 343
686, 343, 101, 30, 148
687, 148, 30, 343, 145
688, 342, 344, 341, 413
689, 344, 343, 341, 411
690, 344, 411, 341, 413
691, 413, 344, 411, 417
692, 411, 344, 343, 415
693, 415, 411, 344, 417
694, 343, 145, 147, 148
695, 148, 146, 147, 342
696, 341, 344, 342, 148
697, 148, 344, 342, 147
698, 147, 148, 344, 343
699, 343, 148, 344, 341
700, 130, 341, 339, 101
701, 102, 130, 127, 339
702, 407, 127, 130, 339
703, 403, 337, 335, 126
704, 126, 102, 127, 339
705, 411, 130, 339, 407
706, 101, 31, 148, 32
707, 101, 102, 32, 339
708, 101, 148, 341, 339
709, 339, 101, 148, 32
710, 32, 148, 339, 149
711, 407, 413, 409, 340
712, 413, 342, 340, 339
713, 413, 339, 340, 407
714, 407, 413, 339, 411
715, 339, 413, 342, 341
716, 341, 339, 413, 411
717, 342, 148, 146, 151
718, 339, 342, 340, 151
719, 339, 341, 342, 148
720, 148, 342, 339, 151
721, 151, 339, 148, 149
722, 337, 339, 103, 126
723, 103, 102, 126, 339
724, 407, 126, 127, 339
725, 104, 103, 126, 335
726, 331, 118, 329, 387
727, 403, 339, 126, 407
728, 152, 33, 103, 32
729, 103, 339, 337, 152
730, 102, 103, 32, 339
731, 339, 103, 32, 152
732, 152, 32, 339, 149
733, 338, 340, 337, 405
734, 340, 339, 337, 403
735, 340, 403, 337, 405
736, 405, 340, 403, 409
737, 403, 340, 339, 407
738, 407, 403, 340, 409
739, 339, 149, 151, 152
740, 152, 150, 151, 338
741, 337, 340, 338, 152
742, 152, 340, 338, 151
743, 151, 152, 340, 339
744, 339, 152, 340, 337
745, 126, 337, 335, 103
746, 104, 126, 123, 335
747, 399, 123, 126, 335
748, 395, 333, 331, 122
749, 122, 104, 123, 335
750, 403, 126, 335, 399
751, 103, 33, 152, 34
752, 103, 104, 34, 335
753, 103, 152, 337, 335
754, 335, 103, 152, 34
755, 34, 152, 335, 153
756, 399, 405, 401, 336
757, 405, 338, 336, 335
758, 405, 335, 336, 399
759, 399, 405, 335, 403
760, 335, 405, 338, 337
761, 337, 335, 405, 403
762, 338, 152, 150, 155
763, 335, 338, 336, 155
764, 335, 337, 338, 152
765, 152, 338, 335, 155
766, 155, 335, 152, 153
767, 333, 335, 105, 122
768, 105, 104, 122, 335
769, 399, 122, 123, 335
770, 106, 105, 122, 331
771, 304, 298, 302, 303
772, 395, 335, 122, 399
773, 156, 35, 105, 34
774, 105, 335, 333, 156
775, 104, 105, 34, 335
776, 335, 105, 34, 156
777, 156, 34, 335, 153
778, 334, 336, 333, 397
779, 336, 335, 333, 395
780, 336, 395, 333, 397
781, 397, 336, 395, 401
782, 395, 336, 335, 399
783, 399, 395, 336, 401
784, 335, 153, 155, 156
785, 156, 154, 155, 334
786, 333, 336, 334, 156
787, 156, 336, 334, 155
788, 155, 156, 336, 335
789, 335, 156, 336, 333
790, 122, 333, 331, 105
791, 106, 122, 119, 331
792, 389, 119, 122, 331
793, 387, 329, 327, 118
794, 118, 106, 119, 331
795, 395, 122, 331, 389
796, 105, 35, 156, 36
797, 105, 106, 36, 331
798, 105, 156, 333, 331
799, 331, 105, 156, 36
800, 36, 156, 331, 157
801, 389, 397, 391, 332
802, 397, 334, 332, 331
803, 397, 331, 332, 389
804, 389, 397, 331, 395
805, 331, 397, 334, 333
806, 333, 331, 397, 395
807, 334, 156, 154, 159
808, 331, 334, 332, 159
809, 331, 333, 334, 156
810, 156, 334, 331, 159
811, 159, 331, 156, 157
812, 329, 331, 107, 118
813, 107, 106, 118, 331
814, 389, 118, 119, 331
815, 108, 107, 118, 327
816, 344, 305, 306, 147
817, 387, 331, 118, 389
818, 160, 37, 107, 36
819, 107, 331, 329, 160
820, 106, 107, 36, 331
821, 331, 107, 36, 160
822, 160, 36, 331, 157
823, 330, 332, 329, 393
824, 332, 331, 329, 387
825, 332, 387, 329, 393
826, 393, 332, 387, 391
827, 387, 332, 331, 389
828, 389, 387, 332, 391
829, 331, 157, 159, 160
830, 160, 158, 159, 330
831, 329, 332, 330, 160
832, 160, 332, 330, 159
833, 159, 160, 332, 331
834, 331, 160, 332, 329
835, 118, 329, 327, 107
836, 108, 118, 115, 327
837, 383, 115, 118, 327
838, 108, 115, 114, 327
839, 178, 179, 143, 305
840, 387, 118, 327, 383
841, 107, 37, 160, 38
842, 107, 108, 38, 327
843, 107, 160, 329, 327
844, 327, 107, 160, 38
845, 38, 160, 327, 161
846, 383, 393, 379, 328
847, 393, 330, 328, 327
848, 393, 327, 328, 383
849, 383, 393, 327, 387
850, 327, 393, 330, 329
851, 329, 327, 393, 387
852, 330, 160, 158, 163
853, 327, 330, 328, 163
854, 327, 329, 330, 160
855, 160, 330, 327, 163
856, 163, 327, 160, 161
857, 114, 385, 325, 327
858, 108, 114, 109, 327
859, 383, 114, 115, 327
860, 302, 298, 304, 179
861, 283, 289, 43, 322
862, 385, 327, 114, 383
863, 109, 164, 39, 38
864, 164, 109, 325, 327
865, 108, 109, 38, 327
866, 327, 109, 38, 164
867, 164, 38, 327, 161
868, 326, 325, 385, 327
869, 381, 385, 379, 328
870, 326, 385, 381, 328
871, 134, 98, 135, 347
872, 385, 328, 326, 327
873, 327, 385, 328, 383
874, 326, 162, 164, 163
875, 326, 327, 328, 163
876, 326, 164, 325, 327
877, 327, 326, 164, 163
878, 163, 164, 327, 161
879, 304, 300, 298, 303
880, 302, 301, 303, 297
881, 297, 299, 303, 300
882, 300, 303, 297, 298
883, 340, 307, 308, 151
884, 300, 138, 180, 179
885, 298, 300, 304, 179
886, 179, 143, 302, 298
887, 147, 178, 142, 305
888, 300, 179, 298, 138
889, 138, 179, 298, 143
890, 300, 183, 224, 184
891, 300, 303, 304, 184
892, 303, 300, 299, 224
893, 224, 303, 300, 184
894, 184, 224, 303, 221
895, 49, 179, 184, 48
896, 179, 300, 304, 184
897, 184, 183, 48, 300
898, 300, 48, 184, 179
899, 179, 300, 48, 180
900, 357, 421, 303, 305
901, 346, 421, 305, 302
902, 304, 302, 305, 303
903, 303, 302, 305, 421
904, 421, 303, 302, 301
905, 305, 302, 304, 179
906, 178, 143, 142, 305
907, 346, 142, 143, 305
908, 307, 344, 306, 147
909, 179, 143, 305, 302
910, 302, 143, 305, 346
911, 303, 184, 221, 220
912, 305, 303, 357, 220
913, 305, 304, 303, 184
914, 184, 303, 305, 220
915, 220, 305, 184, 185
916, 184, 179, 49, 50
917, 185, 184, 50, 305
918, 179, 184, 304, 305
919, 305, 179, 184, 50
920, 50, 305, 179, 178
921, 306, 305, 344, 359
922, 344, 417, 359, 421
923, 421, 357, 359, 305
924, 305, 359, 421, 344
925, 344, 421, 305, 346
926, 147, 305, 306, 177
927, 177, 178, 147, 305
928, 346, 147, 142, 305
929, 176, 177, 147, 307
930, 336, 309, 310, 155
931, 344, 305, 147, 346
932, 305, 185, 220, 186
933, 305, 359, 306, 186
934, 359, 305, 357, 220
935, 220, 359, 305, 186
936, 186, 220, 359, 217
937, 51, 177, 186, 50
938, 177, 305, 306, 186
939, 186, 185, 50, 305
940, 305, 50, 186, 177
941, 177, 305, 50, 178
942, 361, 413, 359, 307
943, 342, 413, 307, 344
944, 306, 344, 307, 359
945, 359, 344, 307, 413
946, 413, 359, 344, 417
947, 307, 147, 306, 177
948, 176, 147, 146, 307
949, 342, 146, 147, 307
950, 309, 340, 308, 151
951, 151, 176, 146, 307
952, 344, 147, 307, 342
953, 359, 186, 217, 216
954, 307, 359, 361, 216
955, 307, 306, 359, 186
956, 186, 359, 307, 216
957, 216, 307, 186, 187
958, 186, 177, 51, 52
959, 187, 186, 52, 307
960, 177, 186, 306, 307
961, 307, 177, 186, 52
962, 52, 307, 177, 176
963, 308, 307, 340, 363
964, 340, 409, 363, 413
965, 413, 361, 363, 307
966, 307, 363, 413, 340
967, 340, 413, 307, 342
968, 151, 307, 308, 175
969, 175, 176, 151, 307
970, 342, 151, 146, 307
971, 174, 175, 151, 309
972, 332, 311, 312, 159
973, 340, 307, 151, 342
974, 307, 187, 216, 188
975, 307, 363, 308, 188
976, 363, 307, 361, 216
977, 216, 363, 307, 188
978, 188, 216, 363, 213
979, 53, 175, 188, 52
980, 175, 307, 308, 188
981, 188, 187, 52, 307
982, 307, 52, 188, 175
983, 175, 307, 52, 176
984, 365, 405, 363, 309
985, 338, 405, 309, 340
986, 308, 340, 309, 363
987, 363, 340, 309, 405
988, 405, 363, 340, 409
989, 309, 151, 308, 175
990, 174, 151, 150, 309
991, 338, 150, 151, 309
992, 311, 336, 310, 155
993, 155, 174, 150, 309
994, 340, 151, 309, 338
995, 363, 188, 213, 212
996, 309, 363, 365, 212
997, 309, 308, 363, 188
998, 188, 363, 309, 212
999, 212, 309, 188, 189
1000, 188, 175, 53, 54
1001, 189, 188, 54, 309
1002, 175, 188, 308, 309
1003, 309, 175, 188, 54
1004, 54, 309, 175, 174
1005, 310, 309, 336, 367
1006, 336, 401, 367, 405
1007, 405, 365, 367, 309
1008, 309, 367, 405, 336
1009, 336, 405, 309, 338
1010, 155, 309, 310, 173
1011, 173, 174, 155, 309
1012, 338, 155, 150, 309
1013, 172, 173, 155, 311
1014, 224, 222, 223, 355
1015, 336, 309, 155, 338
1016, 309, 189, 212, 190
1017, 309, 367, 310, 190
1018, 367, 309, 365, 212
1019, 212, 367, 309, 190
1020, 190, 212, 367, 209
1021, 55, 173, 190, 54
1022, 173, 309, 310, 190
1023, 190, 189, 54, 309
1024, 309, 54, 190, 173
1025, 173, 309, 54, 174
1026, 369, 397, 367, 311
1027, 334, 397, 311, 336
1028, 310, 336, 311, 367
1029, 367, 336, 311, 397
1030, 397, 367, 336, 401
1031, 311, 155, 310, 173
1032, 172, 155, 154, 311
1033, 334, 154, 155, 311
1034, 313, 332, 312, 159
1035, 159, 172, 154, 311
1036, 336, 155, 311, 334
1037, 367, 190, 209, 208
1038, 311, 367, 369, 208
1039, 311, 310, 367, 190
1040, 190, 367, 311, 208
1041, 208, 311, 190, 191
1042, 190, 173, 55, 56
1043, 191, 190, 56, 311
1044, 173, 190, 310, 311
1045, 311, 173, 190, 56
1046, 56, 311, 173, 172
1047, 312, 311, 332, 371
1048, 332, 391, 371, 397
1049, 397, 369, 371, 311
1050, 311, 371, 397, 332
1051, 332, 397, 311, 334
1052, 159, 311, 312, 171
1053, 171, 172, 159, 311
1054, 334, 159, 154, 311
1055, 170, 171, 159, 313
1056, 326, 328, 314, 169
1057, 332, 311, 159, 334
1058, 311, 191, 208, 192
1059, 311, 371, 312, 192
1060, 371, 311, 369, 208
1061, 208, 371, 311, 192
1062, 192, 208, 371, 205
1063, 57, 171, 192, 56
1064, 171, 311, 312, 192
1065, 192, 191, 56, 311
1066, 311, 56, 192, 171
1067, 171, 311, 56, 172
1068, 373, 393, 371, 313
1069, 330, 393, 313, 332
1070, 312, 332, 313, 371
1071, 371, 332, 313, 393
1072, 393, 371, 332, 391
1073, 313, 159, 312, 171
1074, 170, 159, 158, 313
1075, 330, 158, 159, 313
1076, 163, 170, 158, 313
1077, 314, 328, 326, 375
1078, 332, 159, 313, 330
1079, 371, 192, 205, 204
1080, 313, 371, 373, 204
1081, 313, 312, 371, 192
1082, 192, 371, 313, 204
1083, 204, 313, 192, 193
1084, 192, 171, 57, 58
1085, 193, 192, 58, 313
1086, 171, 192, 312, 313
1087, 313, 171, 192, 58
1088, 58, 313, 171, 170
1089, 314, 313, 328, 375
1090, 328, 379, 375, 393
1091, 393, 373, 375, 313
1092, 313, 375, 393, 328
1093, 328, 393, 313, 330
1094, 328, 313, 314, 169
1095, 169, 170, 163, 313
1096, 330, 163, 158, 313
1097, 420, 355, 356, 421
1098, 169, 313, 163, 328
1099, 328, 313, 163, 330
1100, 313, 193, 204, 194
1101, 313, 375, 314, 194
1102, 375, 313, 373, 204
1103, 204, 375, 313, 194
1104, 194, 204, 375, 201
1105, 59, 169, 194, 58
1106, 169, 313, 314, 194
1107, 194, 193, 58, 313
1108, 313, 58, 194, 169
1109, 169, 313, 58, 170
1110, 315, 381, 377, 375
1111, 357, 355, 356, 220
1112, 314, 326, 315, 375
1113, 375, 326, 315, 381
1114, 381, 375, 328, 379
1115, 315, 168, 162, 169
1116, 315, 326, 314, 169
1117, 328, 163, 169, 326
1118, 358, 357, 356, 220
1119, 315, 326, 169, 162
1120, 162, 326, 169, 163
1121, 315, 200, 195, 194
1122, 315, 314, 375, 194
1123, 200, 315, 377, 375
1124, 375, 200, 315, 194
1125, 194, 375, 200, 201
1126, 194, 169, 59, 60
1127, 169, 194, 314, 315
1128, 195, 194, 60, 315
1129, 315, 194, 60, 169
1130, 169, 60, 315, 168
1131, 296, 228, 269, 266
1132, 296, 266, 423, 355
1133, 354, 296, 355, 228
1134, 228, 296, 355, 266
1135, 266, 355, 228, 229
1136, 301, 423, 355, 296
1137, 355, 297, 354, 299
1138, 303, 297, 301, 355
1139, 355, 297, 301, 296
1140, 297, 355, 303, 299
1141, 419, 420, 424, 422
1142, 223, 69, 228, 70
1143, 223, 222, 70, 355
1144, 223, 228, 354, 355
1145, 355, 223, 228, 70
1146, 70, 228, 355, 229
1147, 355, 299, 354, 223
1148, 221, 222, 224, 355
1149, 303, 221, 224, 355
1150, 358, 420, 356, 421
1151, 223, 224, 355, 299
1152, 299, 224, 355, 303
1153, 420, 266, 265, 230
1154, 356, 355, 420, 230
1155, 355, 423, 420, 266
1156, 266, 420, 355, 230
1157, 230, 355, 266, 229
1158, 421, 355, 356, 357
1159, 420, 301, 423, 355
1160, 421, 303, 301, 355
1161, 421, 355, 301, 420
1162, 412, 358, 360, 413
1163, 357, 421, 355, 303
1164, 230, 71, 219, 70
1165, 355, 230, 356, 219
1166, 222, 219, 70, 355
1167, 355, 219, 70, 230
1168, 230, 70, 355, 229
1169, 220, 355, 356, 219
1170, 219, 222, 220, 355
1171, 303, 220, 221, 355
1172, 218, 219, 220, 358
1173, 361, 358, 360, 216
1174, 357, 355, 220, 303
1175, 420, 265, 262, 230
1176, 420, 262, 416, 358
1177, 356, 420, 358, 230
1178, 230, 420, 358, 262
1179, 262, 358, 230, 231
1180, 417, 416, 358, 420
1181, 358, 421, 356, 357
1182, 359, 421, 417, 358
1183, 358, 421, 417, 420
1184, 421, 358, 359, 357
1185, 220, 222, 221, 355
1186, 219, 71, 230, 72
1187, 219, 218, 72, 358
1188, 219, 230, 356, 358
1189, 358, 219, 230, 72
1190, 72, 230, 358, 231
1191, 358, 220, 356, 219
1192, 218, 220, 217, 358
1193, 359, 217, 220, 358
1194, 362, 412, 360, 413
1195, 362, 361, 360, 216
1196, 357, 220, 358, 359
1197, 412, 262, 261, 232
1198, 360, 358, 412, 232
1199, 358, 416, 412, 262
1200, 262, 412, 358, 232
1201, 232, 358, 262, 231
1202, 413, 358, 360, 361
1203, 412, 417, 416, 358
1204, 413, 359, 417, 358
1205, 413, 358, 417, 412
1206, 404, 362, 364, 405
1207, 361, 413, 358, 359
1208, 232, 73, 215, 72
1209, 358, 232, 360, 215
1210, 218, 215, 72, 358
1211, 358, 215, 72, 232
1212, 232, 72, 358, 231
1213, 216, 358, 360, 215
1214, 215, 218, 216, 358
1215, 359, 216, 217, 358
1216, 214, 215, 216, 362
1217, 365, 362, 364, 212
1218, 361, 358, 216, 359
1219, 412, 261, 258, 232
1220, 412, 258, 408, 362
1221, 360, 412, 362, 232
1222, 232, 412, 362, 258
1223, 258, 362, 232, 233
1224, 409, 408, 362, 412
1225, 362, 413, 360, 361
1226, 363, 413, 409, 362
1227, 362, 413, 409, 412
1228, 413, 362, 363, 361
1229, 216, 218, 217, 358
1230, 215, 73, 232, 74
1231, 215, 214, 74, 362
1232, 215, 232, 360, 362
1233, 362, 215, 232, 74
1234, 74, 232, 362, 233
1235, 362, 216, 360, 215
1236, 214, 216, 213, 362
1237, 363, 213, 216, 362
1238, 366, 404, 364, 405
1239, 366, 365, 364, 212
1240, 361, 216, 362, 363
1241, 404, 258, 257, 234
1242, 364, 362, 404, 234
1243, 362, 408, 404, 258
1244, 258, 404, 362, 234
1245, 234, 362, 258, 233
1246, 405, 362, 364, 365
1247, 404, 409, 408, 362
1248, 405, 363, 409, 362
1249, 405, 362, 409, 404
1250, 396, 366, 368, 397
1251, 365, 405, 362, 363
1252, 234, 75, 211, 74
1253, 362, 234, 364, 211
1254, 214, 211, 74, 362
1255, 362, 211, 74, 234
1256, 234, 74, 362, 233
1257, 212, 362, 364, 211
1258, 211, 214, 212, 362
1259, 363, 212, 213, 362
1260, 210, 211, 212, 366
1261, 369, 366, 368, 208
1262, 365, 362, 212, 363
1263, 404, 257, 254, 234
1264, 404, 254, 400, 366
1265, 364, 404, 366, 234
1266, 234, 404, 366, 254
1267, 254, 366, 234, 235
1268, 401, 400, 366, 404
1269, 366, 405, 364, 365
1270, 367, 405, 401, 366
1271, 366, 405, 401, 404
1272, 405, 366, 367, 365
1273, 212, 214, 213, 362
1274, 211, 75, 234, 76
1275, 211, 210, 76, 366
1276, 211, 234, 364, 366
1277, 366, 211, 234, 76
1278, 76, 234, 366, 235
1279, 366, 212, 364, 211
1280, 210, 212, 209, 366
1281, 367, 209, 212, 366
1282, 370, 396, 368, 397
1283, 370, 369, 368, 208
1284, 365, 212, 366, 367
1285, 396, 254, 253, 236
1286, 368, 366, 396, 236
1287, 366, 400, 396, 254
1288, 254, 396, 366, 236
1289, 236, 366, 254, 235
1290, 397, 366, 368, 369
1291, 396, 401, 400, 366
1292, 397, 367, 401, 366
1293, 397, 366, 401, 396
1294, 392, 370, 372, 393
1295, 369, 397, 366, 367
1296, 236, 77, 207, 76
1297, 366, 236, 368, 207
1298, 210, 207, 76, 366
1299, 366, 207, 76, 236
1300, 236, 76, 366, 235
1301, 208, 366, 368, 207
1302, 207, 210, 208, 366
1303, 367, 208, 209, 366
1304, 206, 207, 208, 370
1305, 373, 370, 372, 204
1306, 369, 366, 208, 367
1307, 396, 253, 250, 236
1308, 396, 250, 390, 370
1309, 368, 396, 370, 236
1310, 236, 396, 370, 250
1311, 250, 370, 236, 237
1312, 391, 390, 370, 396
1313, 370, 397, 368, 369
1314, 371, 397, 391, 370
1315, 370, 397, 391, 396
1316, 397, 370, 371, 369
1317, 208, 210, 209, 366
1318, 207, 77, 236, 78
1319, 207, 206, 78, 370
1320, 207, 236, 368, 370
1321, 370, 207, 236, 78
1322, 78, 236, 370, 237
1323, 370, 208, 368, 207
1324, 206, 208, 205, 370
1325, 371, 205, 208, 370
1326, 374, 392, 372, 393
1327, 374, 373, 372, 204
1328, 369, 208, 370, 371
1329, 392, 250, 249, 238
1330, 372, 370, 392, 238
1331, 370, 390, 392, 250
1332, 250, 392, 370, 238
1333, 238, 370, 250, 237
1334, 393, 370, 372, 373
1335, 392, 391, 390, 370
1336, 393, 371, 391, 370
1337, 393, 370, 391, 392
1338, 297, 352, 354, 299
1339, 373, 393, 370, 371
1340, 238, 79, 203, 78
1341, 370, 238, 372, 203
1342, 206, 203, 78, 370
1343, 370, 203, 78, 238
1344, 238, 78, 370, 237
1345, 204, 370, 372, 203
1346, 203, 206, 204, 370
1347, 371, 204, 205, 370
1348, 202, 203, 204, 374
1349, 291, 277, 290, 279
1350, 373, 370, 204, 371
1351, 392, 249, 246, 238
1352, 392, 246, 378, 374
1353, 372, 392, 374, 238
1354, 238, 392, 374, 246
1355, 246, 374, 238, 239
1356, 379, 378, 374, 392
1357, 374, 393, 372, 373
1358, 375, 393, 379, 374
1359, 374, 393, 379, 392
1360, 393, 374, 375, 373
1361, 204, 206, 205, 370
1362, 203, 79, 238, 80
1363, 203, 202, 80, 374
1364, 203, 238, 372, 374
1365, 374, 203, 238, 80
1366, 80, 238, 374, 239
1367, 374, 204, 372, 203
1368, 202, 204, 201, 374
1369, 375, 201, 204, 374
1370, 202, 201, 200, 374
1371, 290, 24, 277, 291
1372, 373, 204, 374, 375
1373, 380, 245, 240, 246
1374, 380, 240, 376, 374
1375, 374, 378, 380, 246
1376, 246, 380, 374, 240
1377, 240, 374, 246, 239
1378, 381, 376, 377, 375
1379, 380, 379, 378, 374
1380, 374, 375, 376, 380
1381, 380, 375, 376, 381
1382, 375, 380, 374, 379
1383, 379, 375, 380, 381
1384, 199, 240, 81, 80
1385, 240, 199, 376, 374
1386, 202, 199, 80, 374
1387, 374, 199, 80, 240
1388, 240, 80, 374, 239
1389, 376, 200, 377, 375
1390, 202, 200, 199, 374
1391, 376, 199, 200, 374
1392, 299, 352, 354, 223
1393, 201, 200, 374, 375
1394, 375, 200, 374, 376
1395, 296, 290, 292, 291
1396, 290, 279, 292, 291
1397, 92, 95, 24, 290
1398, 290, 92, 95, 93
1399, 288, 289, 283, 324
1400, 278, 352, 350, 275
1401, 298, 303, 297, 302
1402, 375, 328, 326, 381
