 0.
 0.
 30.
 30.
 30.
 30.
 0.
 0.
 0.
 0.
 0.
 0.
 0.
 0.
 0.
 0.
 0.
 0.
 0.
 0.
 0.
 0.
 0.
 5.00000018998981
 12.0788814012768
 23.0471291399678
 30.
 30.
 30.
 30.
 30.
 30.
 30.
 30.
 30.
 30.
 30.
 30.
 30.
 30.
 30.
 5.00000018998981
 13.4375001302502
 23.300344581921
 30.
 30.
 30.
 30.
 30.
 30.
 30.
 30.
 30.
 30.
 30.
 30.
 30.
 30.
 30.
 30.
 30.
 30.
 30.
 30.
 30.
 25.0000001899898
 15.0000001899898
 4.04507516079418
 0.
 0.
 0.
 0.
 0.
 0.
 0.
 0.
 0.
 0.
 0.
 0.
 0.
 0.
 0.
 22.6434270866807
 14.3750001660638
 5.68391150496314
 0.
 0.
 0.
 0.
 0.
 0.
 6.50000018998981
 15.7799495656969
 6.68715046990913
 16.2686290512096
 23.8540991090898
 25.4305978425616
 22.7639312708898
 25.6666667616616
 23.9858395220209
 25.5207656807616
 22.1459012708898
 25.2846967616616
 22.6701696337085
 25.1267857994448
 22.7360691090898
 25.1596967616616
 23.5139312708898
 25.1005026232805
 21.876415878335
 14.7119580616056
 6.14590127088981
 7.08676372835484
 16.4871005463682
 15.0924060579172
 7.11997477123164
 6.68656619577833
 15.8557668787533
 14.0051502103991
 7.35409910908981
 6.88981331337989
 15.8697883240086
 13.4484669015634
 7.32623245595841
 6.68264784224899
 15.7744106895508
 13.8635035008165
 7.8540991090898
 6.42857153713703
 15.7560496779921
 13.6353134430431
 7.14590127088981
 7.16312487439769
 16.0000001899898
 14.7291531239982
 7.8540991090898
 30.
 30.
 30.
 30.
 30.
 30.
 30.
 30.
 30.
 30.
 30.
 30.
 30.
 30.
 30.
 30.
 30.
 30.
 30.
 30.
 30.
 30.
 30.
 30.
 30.
 30.
 30.
 30.
 30.
 30.
 30.
 30.
 30.
 30.
 30.
 30.
 30.
 30.
 30.
 30.
 30.
 30.
 30.
 30.
 30.
 24.0305524121033
 23.2350445598635
 22.8260213259675
 22.8540991090898
 22.396126563301
 22.6028635500871
 22.1232384491084
 22.6898069614319
 22.2691395300084
 22.8540991090898
 22.4646244519441
 23.0000001899898
 23.6040991090898
 23.5700189663036
 22.82384699783
 14.1929912210436
 7.83359834689964
 4.83606907650097
 15.1083758615491
 15.8964803131952
 6.00000018998981
 4.56686592634917
 13.9067921334765
 15.8540991090898
 5.64590127088981
 4.39937339613806
 13.4282363189357
 15.5784489102048
 6.85409910908981
 4.16666676166157
 13.4180366571284
 14.2360691090898
 6.85409910908981
 5.00080040248903
 13.5215822147059
 14.6180301899898
 6.85409910908981
 4.25612169296162
 13.9186997777901
 16.1054011863076
 7.47213251591843
 6.36768437277715
 15.3509091883486
 13.7463385159556
 6.39590127088981
 0.
 0.
 0.
 0.
 0.
 0.
 0.
 0.
 0.
 0.
 0.
 0.
 0.
 0.
 0.
 0.
 0.
 0.
 0.
 0.
 0.
 0.
 0.
 0.
 0.
 0.
 0.
 0.
 0.
 0.
 0.
 0.
 0.
 0.
 0.
 0.
 0.
 0.
 0.
 0.
 0.
 0.
 0.
 0.
 0.
 6.64590127088981
 14.3858470139538
 23.6635502698573
 24.1522122580678
 23.0647821218039
 14.7940222653438
 17.3585400151663
 8.30036041211237
 6.85409910908981
 7.76066208155396
 15.0000001899898
 17.1822240855699
 5.2360690140949
 7.25149951488159
 15.570563528964
 22.3980900998062
 22.7813213709595
 24.4584011559817
 6.8587140132331
 15.0787851767681
 7.97079886266482
 14.10286594299
 8.64294049768264
 15.5055559291311
 8.19567557457064
 15.2804716400282
 24.5530157826819
 13.6765489267012
 23.5774187942819
 14.4842623636722
 21.9616608976337
 17.733234855383
 23.6736645294727
 24.07476213649
 24.327866939904
 23.6097641769093
 24.0334126345544
 22.7503782713784
 24.0418889306486
 23.7898671943012
 24.2565389497544
 24.0057998599209
 24.0895184063535
 24.7634769001801
 24.0494371418361
 16.2140832389762
 7.66999754760576
 7.19844700430428
 12.9041377704343
 6.68222813542859
 16.227384105795
 23.9808678459723
 21.6111632594162
 23.0718175454074
 24.5236720106891
 23.0950472173685
 25.0000001899898
 22.8737251249634
 25.1827228596269
 22.274744905705
 21.1909834099181
 22.2884840494077
 24.5934732669148
 22.2533711223587
 21.2566163980906
 22.4788599590343
 24.8252534457003
 22.439754839487
 21.2746538214372
 23.3725889347714
 24.5837502845374
 23.8961420538306
 21.8646456769029
 23.3946290875683
 24.8228448299068
 22.4346049432936
 23.0278185974152
 23.8506212276524
 22.4022871782607
 23.5340139032141
 16.1352877085692
 7.31421902480424
 8.1968653340981
 7.74731552621965
 6.41861087429856
 13.9506912445815
 7.37718038592313
 17.0583564146896
 6.42374205480029
 13.2898403164913
 7.34217757586555
 17.1309080836948
 5.81585544380315
 13.841947131403
 7.11582099505015
 16.9409463662722
 6.55596424517724
 13.5653726067406
 5.7477951687205
 17.3093057760219
 5.55017159172177
 13.311453488906
 6.24790441036899
 17.1006621033001
 10.3265687721881
 16.1214641115862
 5.94556461805648
 12.4683258811999
 5.82079689678461
 15.1832548440886
 6.02710742756716
 14.5310346761745
 9.97857269929864
 17.0839331451148
 8.70037008694558
 14.9068240419866
 5.46505600642795
 13.7344981594426
 6.51104276520088
 12.8973051738774
 7.55594452644129
 15.9414440789601
 8.71117977986897
 15.3445685682225
 7.2225979490245
 13.3534916279165
 5.45908270043719
 13.1257969911349
 7.51798063281506
 13.1470354739483
 8.63482952456962
 14.9556770034841
 7.9343284610235
 15.0000001899898
 5.50390637631354
 13.6927151538488
 7.65605868999228
 13.2079261001864
 7.41717457487089
 15.253513531308
 8.06180397320571
 15.0000001899898
 6.31370639582843
 13.7690521348907
 7.90290780064081
 13.2749981801218
 8.92199219244424
 15.2179536681589
 8.29442086459262
 15.305955842017
 6.47193331167571
 8.54733417572314
 14.3633647823114
