 0.
 0.
 0.
 0.
 30.
 30.
 30.
 30.
 0.
 0.
 0.
 0.
 0.
 0.
 0.
 0.
 0.
 0.
 0.
 0.
 0.
 0.
 0.
 0.
 0.
 0.
 0.
 0.
 0.
 0.
 0.
 0.
 0.
 0.
 0.
 0.
 0.
 0.
 0.
 0.
 0.
 0.
 0.
 0.
 7.39257821473961
 15.6640626382172
 24.3750001660638
 30.
 30.
 30.
 30.
 30.
 30.
 30.
 30.
 30.
 30.
 30.
 30.
 30.
 30.
 30.
 6.08376219979702
 15.697679923966
 23.4541620627053
 30.
 30.
 30.
 30.
 30.
 30.
 30.
 30.
 30.
 30.
 30.
 30.
 30.
 30.
 30.
 30.
 30.
 30.
 30.
 30.
 30.
 23.3852585284634
 15.0000001899898
 6.61474163910108
 21.9528710478925
 15.0000001899898
 7.50000009570392
 0.
 0.
 0.
 0.
 0.
 0.
 0.
 0.
 0.
 0.
 0.
 0.
 0.
 0.
 0.
 0.
 0.
 0.
 0.
 0.
 0.
 0.
 0.
 0.
 0.
 0.
 0.
 0.
 0.
 0.
 0.
 0.
 0.
 0.
 0.
 0.
 0.
 0.
 0.
 0.
 0.
 0.
 0.
 0.
 0.
 6.3653211053511
 16.2380082346686
 14.6427610492114
 7.35409910908981
 6.90487642091958
 15.0474921460675
 14.5014753036987
 7.00000018998981
 6.54605274141017
 15.9181628245123
 16.4245618196915
 7.46303315725284
 6.89365057098845
 15.9166221040703
 16.2747607427028
 7.00000018998981
 7.00000018998981
 15.4140626885055
 15.8412721020426
 7.55244966057929
 6.85409910908981
 14.949435766203
 15.3044483545567
 7.00000018998981
 6.48415656434315
 16.1546792115764
 13.9012891896404
 7.21089332118055
 6.58174483646805
 15.2953421741951
 25.0690179297027
 24.0000001899898
 23.0018220484748
 22.8540991090898
 24.8716178165637
 23.0000001899898
 24.9192829877794
 23.5000001899898
 25.0133042551714
 23.2360691090898
 25.2639311758949
 23.5000001899898
 22.9997971678088
 22.8540991090898
 22.9839253965485
 30.
 30.
 30.
 30.
 30.
 30.
 30.
 30.
 30.
 30.
 30.
 30.
 30.
 30.
 30.
 30.
 30.
 30.
 30.
 30.
 30.
 30.
 30.
 30.
 30.
 30.
 30.
 30.
 30.
 30.
 30.
 30.
 30.
 30.
 30.
 30.
 30.
 30.
 30.
 30.
 30.
 30.
 30.
 30.
 30.
 22.5797191400582
 22.814148873329
 23.0156821715433
 22.6180301899898
 22.6524835612408
 22.314795530485
 22.7680769397847
 22.5937501187436
 23.2360691090898
 23.1459012708898
 23.4721325159184
 23.1459012708898
 22.919430602462
 22.3797908233194
 22.2836886739917
 14.7781039961851
 6.9226957995498
 7.53238048353372
 14.9774044552593
 14.9127301583132
 6.57424082261191
 6.85409910908981
 14.2221325159184
 14.8750001840526
 6.5317112200901
 7.35409910908981
 14.5139312708898
 14.7870289479883
 6.64344259000195
 7.35505673103979
 14.5139312708898
 15.061493182325
 6.75000014249235
 6.96079158283477
 14.2092507934074
 14.9881191221456
 6.70439256733822
 7.54152477911698
 14.7914591115355
 14.8626161314154
 7.12674238421757
 6.56454210951556
 13.8268758354698
 14.2500343649772
 6.26103546565876
 23.9617206676298
 22.6558941393491
 24.6158693983942
 16.4413658882294
 6.85409910908981
 6.11316904285527
 13.0062668094398
 14.3432991608057
 4.7612329091842
 7.44375369483028
 15.0000001899898
 6.78042431393351
 15.0893567103977
 23.1751127119845
 23.4199760269101
 22.1459012708898
 14.5320684984834
 6.99377364981778
 5.22023267496606
 6.51351345692433
 12.546928379242
 13.5617730942474
 5.16980324710419
 6.88722954346961
 13.0193745105943
 16.1412405606944
 14.9855798704962
 24.031352181353
 22.9051684952728
 14.7780985764052
 14.1720453173738
 22.4966311060694
 22.3722494336713
 21.9921411590269
 22.3549554436067
 22.1153343778838
 21.866199631732
 23.0347951784612
 22.2081143505085
 22.0981397487127
 21.6618297610822
 21.9454751077954
 21.6822401005682
 23.6308744002245
 22.3704271868655
 23.2854064417258
 23.0171488111798
 14.8388767327659
 13.850630747836
 6.46015022142151
 5.70437570402509
 5.59085961805175
 13.9483640542156
 5.88339973393822
 14.4180202632308
 5.73270605230089
 15.0000001899898
 6.40497944326309
 12.7881647457488
 5.83650381670874
 13.7446554050962
 6.94776647701921
 13.2140801654547
 5.54997463780625
 13.0608388184811
 6.81666687590626
 13.1974051302931
 5.78387644321263
 13.9805784662283
 5.80405730192758
 13.1338174871128
 5.26005919635973
 12.966234163894
 5.75225175616237
 13.5332921888802
 5.7649667375108
 6.65312392398654
 6.06837425639507
 14.236799298713
 22.2765824479256
 22.4830945274734
 22.5192547087907
 22.8296250384571
 23.2682139245539
 24.1214111345705
 23.7669713298917
 23.2632525227767
 23.6563499303187
 23.3466966112069
 23.4828643205063
 23.2891406277315
 23.8478324001451
 24.5323244077521
 24.1439685821181
 24.403017554479
 22.6724798197189
 24.7462337539698
 24.0945504485235
 24.4710805844667
 23.068859997138
 24.6142119894691
 24.3173501559943
 24.1364872779136
 22.7793571587241
 22.4310440963076
 22.6683041104835
 14.8464676594357
 14.132889028324
 14.9559542994904
 14.4552919035712
 6.47058836940457
 5.29411781908741
 7.57721212450664
 8.78432004226262
 5.34819782091032
 6.99508167045781
 5.93750013061799
 6.01672870802754
 13.1125718272948
 14.2641559436073
 13.575458766565
 14.0895540973774
 5.47194274666938
 6.50668691939402
 13.3771258947077
 15.6712299155385
 5.93750013061799
 6.51904584104078
 13.2793528993802
 14.6105324721074
 5.63615855277037
 7.03022273130614
 13.3912958526013
 15.0000001899898
 5.9375001291337
 6.03812612503236
 13.3837979435899
 14.1424766452134
 5.15049606904078
 6.31352688506249
 13.1901261444241
 15.0000001899898
 6.05015374218716
 5.46565191330748
 13.1305114302858
 14.8745178673765
 5.42377709880948
 5.73623279047317
 13.1637200985461
 16.0509982396818
 5.81836427405012
 13.3544194086791
 5.51742772847488
