 0.

 150.

 0.

 150.

 0.

 150.

 0.

 150.

 8.62450337052276

 15.3315896739104

 27.0511822851906

 36.2492511737931

 45.0000030510128

 56.9098530510128

 65.0000030510128

 77.3606646806559

 85.0000030510128

 96.9098530510128

 105.000003051013

 117.360664680656

 125.000003051013

 135.000003051013

 142.500001109061

 0.

 0.

 0.

 7.50000194195088

 15.0000030510128

 25.0000030510128

 35.0000030510128

 45.0000030510128

 55.0000030510128

 65.0000030510128

 75.0000030510128

 85.0000030510128

 95.0000030510128

 105.000003051013

 115.000003051013

 124.843752929641

 133.42620247535

 143.359376788318

 150.

 150.

 150.

 0.

 0.

 0.

 5.62500277374729

 15.967656525518

 24.29329468029

 35.0000030510128

 45.6762906419933

 54.2704976465128

 65.0000030510128

 75.7295084555128

 84.3237154600322

 95.0000030510128

 105.000003051013

 115.000003051013

 126.143461849251

 134.687502808269

 144.20594205476

 150.

 150.

 150.

 0.

 0.

 0.

 6.25000249648182

 13.9672014644965

 26.1803476465128

 35.0000030510128

 44.2704976465128

 55.0000030510128

 65.7295084555127

 74.3237154600322

 85.0000030510128

 95.6762906419933

 104.270497646513

 115.000003051013

 125.000003051013

 135.000003051013

 141.952872197353

 150.

 150.

 150.

 0.

 0.

 0.

 150.

 150.

 150.

 5.75539032559651

 13.5955827161308

 16.5857701798129

 4.40219341321645

 5.98928822940953

 15.4437066026311

 24.7451545232773

 34.8610155455856

 44.7425816627294

 54.8345907587565

 64.1931004570349

 74.8502645839095

 84.2991464253676

 94.7863299803561

 104.547020445183

 114.701165819677

 124.812202607431

 133.947988068447

 141.145904131913

 143.854101970113

 144.399912902945

 135.788303849796

 133.378674170139

 124.854101970113

 125.706280589718

 116.741634119197

 114.156781614628

 104.763934131913

 105.450797851658

 96.7272587437498

 92.9044221558598

 84.7639341319127

 85.5116776369677

 76.6802004432021

 74.0917458071962

 64.3819730510127

 65.5828507032655

 56.6940487250678

 53.3456702031767

 43.9044986458491

 46.3359627094553

 36.710428974661

 34.3278147262962

 24.367238299582

 25.8371472408542

 6.72566253235244

 16.7500030510128

 8.52787072508413

 15.756184132727

 25.6325651855598

 35.4959207185262

 26.967509348837

 35.1428615377662

 44.495851635812

 55.2528235693163

 44.6343285598683

 55.0017957604409

 64.8541031754428

 75.3816952746671

 65.7641479447118

 74.9999942212338

 84.9995939050151

 94.9924469785177

 85.3796416172995

 94.9923191936158

 104.843454245202

 115.011159592922

 105.82519165375

 114.910787570141

 124.665505262093

 134.222135376941

 123.900570869065

 133.839727329587

 141.912626283372

 143.381973051013

 144.750003051013

 135.680664537091

 126.322349136682

 115.050140010014

 105.182376087438

 94.9975801245724

 85.0080315423027

 74.9999270513874

 65.0000233775479

 55.0037720857894

 45.0800242951055

 35.0534559994273

 24.5894286626661

 14.2994420446509

 6.53731408142891

 6.00000305101275

 15.3380687561834

 25.1297567623055

 35.0186287737808

 45.0405472212684

 54.9960587596799

 65.0000398047569

 75.8541060975485

 84.964271152483

 95.0091954326164

 104.994425237864

 114.99111439634

 124.561480117087

 134.503005451871

 142.700965636175

 143.500003051013

 144.650001636413

 135.74499590034

 133.145904131913

 124.732508761811

 125.01714364881

 115.015073388723

 114.99206535651

 105.085848071374

 104.979647573105

 95.0047140812699

 95.3824931951825

 85.6180330510128

 85.0042355715063

 75.0000030510128

 75.3994225623107

 65.0376041855063

 65.0513425192042

 54.9999396632822

 54.9945197154002

 44.8315494226363

 44.9672274977494

 35.0010987264799

 35.1492781452656

 25.1536319876389

 25.0824060507913

 14.1273647692748

 16.3541019701128

 6.61803305101275

 5.66387864567033

 6.54056714803984

 15.505466900217

 25.9364160076047

 35.0833840596378

 44.9326234207641

 55.0006038741035

 65.000076708101

 75.0000028991604

 85.1745327708881

 95.1183127347958

 104.766537556644

 114.773522101692

 124.694856519415

 133.571543924048

 143.434953180926

 142.277870725084

 143.350937654964

 133.970993121303

 134.156723481603

 124.042563994177

 125.797834221234

 115.665971001816

 114.992009787302

 104.999923475039

 105.854101952808

 95.3727302602739

 95.1433925628642

 84.3819730510127

 85.1459041144277

 75.8541019670526

 75.0676323588527

 64.1459041319128

 65.0000030508306

 55.3823484035148

 55.1213455833229

 44.1496364930981

 45.8557410114246

 35.8626514746856

 34.7747983882612

 24.8975589955118

 25.8613879100543

 16.3654010271171

 15.2303108092963

 7.3592773897835

 6.64590355970814

 0.

 0.

 0.

 0.

 0.

 0.

 0.

 0.

 0.

 150.

 150.

 150.

 150.

 150.

 150.

 150.

 150.

 150.

 5.47593901601

 5.36923548061435

 6.98031491335894

 7.53847253476731

 16.5283165816032

 13.7857055178013

 14.3215417581863

 15.2373915687634

 17.131814458321

 16.0717745596791

 14.6507941136005

 25.310129224668

 27.8068251161103

 24.6733948347963

 24.1571864759288

 34.624166126488

 45.2979166119432

 55.3042061965859

 65.3835744001314

 75.7123771372797

 85.8584181949562

 95.280023284075

 105.409086580525

 115.395087223919

 126.852090348815

 135.312681016435

 143.69385396277

 142.209077148811

 144.08263366956

 142.740431672757

 145.092937713273

 143.963001333782

 142.835919060238

 139.429680389848

 144.057795354417

 133.23239796493

 134.341402307625

 124.211947617655

 125.000003051013

 114.57153739326

 116.334616223872

 103.718426167506

 107.016009251957

 93.528688335928

 95.4671331120124

 84.655587263355

 87.2087271120239

 74.1002228542953

 76.2460094572677

 63.8151298227689

 66.9895742589876

 54.2146548075458

 55.5504449412036

 44.5098273481319

 47.3134343437082

 34.3813994997505

 36.3498498702395

 24.1417699966413

 14.6166503367301

 6.2058395687487

 7.94188458132651

 5.97527209701622

 7.11071250317138

 6.16062368407197

 13.9508850938545

 25.6374088728481

 34.8653961502608

 35.4523249388443

 45.0226778996125

 44.4381438336659

 54.9188447472401

 55.0455950051297

 65.0341516929426

 65.9473908953925

 75.0061992128294

 75.436413878854

 85.7324737920299

 85.2285610938959

 95.0983066311296

 95.5615720108026

 105.011834157365

 105.109359212815

 114.970894238555

 114.700183389892

 124.588071162358

 125.994866804651

 134.750187726534

 134.470277593395

 125.251740549148

 125.895605081321

 133.90617419685

 133.981853884914

 126.217963543986

 124.316289597359

 134.620796490667

 131.52333359425

 116.522789595476

 113.718797964423

 106.40588414379

 104.191560668802

 105.425038478774

 105.704487015975

 114.035443552892

 115.312905359071

 96.4191513416903

 93.8244728625841

 95.1660511841495

 95.7850477181286

 86.4061614095069

 83.786637537983

 85.1848958024427

 85.7827361608239

 76.4534572042728

 73.7267878851429

 74.1042544267811

 75.0000030510128

 66.3959203904292

 64.1906148422987

 65.233813450169

 65.3029814376961

 56.0456070595592

 53.9554289062289

 54.0797820600968

 55.0000030510128

 47.1426411460011

 44.2412056835169

 45.1649022710332

 45.2253117967124

 36.583033486577

 34.4912261232709

 34.2068091330445

 35.3431244436809

 26.6560078887121

 25.4202395533802

 24.6139366355519

